000654
001389
000853
000527
000354
000202
000056
000285
000810
000125
001475
001053
000767
000765
000811
001067
000731
001489
001582
001324
000168
000439
000342
000080
001100
001400
001055
000933
001041
001314
000334
000752
000062
000956
000739
001281
001422
000705
001271
000521
001141
000212
000116
000936
000524
000017
001274
001170
001287
001687
000163
000092
000208
000978
000598
001249
001243
000649
001601
000146
000640
000201
001640
001453
001138
000132
000296
000668
000566
001024
001009
001198
001644
001485
001362
000016
001116
001622
000539
001486
000910
001636
000934
001482
000970
001677
000530
001245
000269
000143
001094
000930
001206
000691
000223
001185
001616
000283
000389
000986
000268
001328
001550
000473
001606
000133
001071
000713
000740
000047
001454
000890
001315
000485
001254
000472
000136
001013
001060
000142
000742
001501
001443
000048
000176
000998
001034
001584
001541
000329
000506
001208
001305
001625
001083
000397
000629
001359
001560
000382
000211
000446
000602
001512
001301
001438
000715
001334
000816
000224
001488
000817
001575
000227
001562
000262
000617
000237
001456
001037
000611
000981
000625
000796
001175
001377
000164
001360
000464
001097
000109
000314
000729
000619
001524
001579
000064
000881
001399
000301
000684
000369
000447
000878
000962
000869
001406
000603
000896
001683
000670
000190
001039
001425
001319
001638
001564
001247
000540
000780
000240
000020
001607
000720
001355
000180
001348
000522
000408
001091
000352
000219
000433
000541
000023
001349
001356
000218
000807
001414
001540
000773
001189
000980
000520
000973
001352
000008
000587
000592
001239
000122
000221
000371
001375
000235
000467
000920
001611
000242
001200
000674
000551
000496
000573
001085
001418
001069
000855
000580
000788
000616
001520
000827
000036
000213
001605
001187
000273
000814
001178
001033
000626
000963
000318
001452
001479
000672
000976
001632
000621
000630
001411
000571
001045
000098
000860
001147
001196
000992
000769
001477
001253
001108
000396
000889
000914
001374
000399
000198
000021
000600
000302
001280
001232
000959
000575
000764
000565
001130
000595
001014
000327
000745
001596
001199
001112
001381
001333
000647
001096
001076
001515
001396
001081
000635
000039
001340
001445
000805
000460
001021
000153
000454
000966
000985
000653
000007
001423
000867
000651
001637
000266
000326
000866
001312
001118
000825
000222
001430
000097
000310
000519
000083
000297
000183
000186
000689
001447
000015
000468
000343
001552
000945
001273
001614
000256
001409
000065
000837
001350
000160
001022
000656
001444
001369
000441
001278
001410
000831
001518
000608
000859
001286
000924
001101
001143
001620
001032
001691
000850
000532
000753
000549
001394
001058
000809
001270
000650
000089
000700
001156
000359
000819
000360
001361
001190
000997
000328
000620
001405
000299
000038
000118
001184
000035
001202
000477
000574
000919
000697
001469
000230
000772
001655
000808
000018
000012
000323
001537
001569
000526
000448
000458
000686
